191,127,127,127,127,127,127,127,127,127,127,127,127,127,127,127,127,127,127,127,127,128,128,127,127,128,127,129,128,137,116,107,183,79,156,157,78,177,141,68,195,112,77,211,82,63,222,85,81,230,50,106,230,22,140,213,7,181,189,1,213,163,4,242,128,20,9,84,46,16,47,77,12,14,114,252,247,153,227,251,144,233,238,190,200,237,224,166,247,251,128,14,15,67,64,236,70,130,167,63,187,127,64,216,63,107,224,33,134,217,9,186,185,0,214,159,8,250,112,29,11,72,56,16,32,93,8,10,121,248,246,160,221,237,203,187,242,240,141,7,6,108,26,18,68,55,19,30,93,11,6,128,245,244,161,222,237,192,196,241,226,158,0,245,127,16,7,90,41,13,60,67,13,34,94,12,52,77,9,26,109,252,6,142,229,251,178,197,0,208,161,10,235,121,31,0,77,61,6,38,99,250,10,142,226,247,191,192,246,232,145,8,6,101,33,17,56,67,13,18,115,248,247,166,217,238,210,178,244,244,135,9,10,91,40,14,45,85,3,11,134,234,245,183,200,242,224,159,0,253,112,27,13,65,63,12,27,107,250,1,153,221,246,196,181,253,228,138,18,245,100,50,244,69,87,231,50,122,208,46,146,181,51,165,157,63,174,134,79,176,120,94,174,109,109,168,100,124,160,99,131,154,107,130,144,106,136,139,108,138,132,114,140,128,118,140,126,120,139,124,125,136,122,128,135,121,128,133,121,129,132,122,130,130,123,131,128,125,130,128,125,129,128,126,131,127,127,130,127,128,127,127,128,129,128,127,128,127,128,128,127,127,128,128,128,128,128,128,127,127,127,127,127,127,127,128,127,128,128,128,128,128,128,128,128,128,128,128,127,128,128,127,128,128,129,128,128,127,128,128,127,128,129,127,127,128,127,127,128,128,128,128,127,128,129,128,128,127,128,128,127,128,128,128,128,128,128,128,127,127,128,127,129,127,128,127,129,128,127,127,128,128,128,128,128,129,127,128,127,128,127,128,127,129,128,128,127,128,127,128,128,127,128,127,127,128,128,127,127,127,127,127,127,127,128,128,127,128,129,128,128,127,129,127,128,127,128,127,128,128,128,128,127,129,128,128,128,128,127,128,127,128,128,127,128,129,127,128,128,127,129,128,127,128,128,127,128,128,129,127,128,128,128,128,127,127,127,128,127,127,128,128,127,128,128,128,127,127,127,128,128,127,128,127,128,127,127,129,128,128,127,127,127,127,127,127,127,129,128,127,127,128,128,128,129,127,128,128,128,127,128,128,129,128,128,127,127,128,128,128,127,128,127,128,130,128,128,128,127,127,128,127,128,129,127,127,128,127,127,128,127,127,127,127,127,127,129,127,128,129,127,128,128,128,128,127,127,128,127,128,127,127,128,128,128,128,127,129,128,128,129,127,128,127,128,129,127,128,127,127,129,128,127,127,128,127,127,127,127,127,127,128,128,128,128,128,127,128,127,128,127,128,127,128,127,128,128,127,128,127,127,128,128,127,128,127,128,127,128,127,127,128,128,128,128,128,128,128,128,128,128,128,127,127,127,128,127,127,127,128,128,127,129,128,127,127,128,127,128,128,128,128,127,127,127,128,129,127,127,128,128,127,127,127,127,128,128,127,127,128,128,129,127,128,127,128,128,128,128,128,128,128,127,127,127,128,127,128,127,127,127,127,127,127,127,127,129,127,128,127,128,127,129,126,129,128,127,128,129,128,127,128,127,127,128,127,128,129,128,127,128,127,128,127,127,127,128,128,127,128,127,128,127,127,128,128,128,128,127,129,127,128,128,127,127,127,128,127,128,127,128,129,127,127,130,128,127,127,128,129,127,126,129,127,127,128,127,127,130,127,127,130,127,126,130,128,127,130,128,128,130,128,128,129,128,128,129,128,128,127,127,127,127,128,129,128,128,130,128,127,130,127,127,128,127,127,128,127,127,127,128,129,127,127,128,127,127,128,128,127,128,127,128,128,127,128,127,127,129,128,127,128,128,128,128,127,128,126,127,131,125,128,131,125,127,131,124,128,130,123,130,130,124,131,127,125,130,128,125,131,128,127,131,127,127,131,126,127,129,125,129,130,124,130,128,123,134,128,123,134,128,125,132,127,124,134,128,122,135,128,124,134,126,125,135,124,126,135,124,127,134,124,128,134,122,128,132,122,130,130,121,131,130,122,132,127,124,134,126,126,133,124,127,131,125,128,132,125,127,131,125,128,131,124,129,130,125,129,129,123,132,128,128,130,125,127,132,125,128,129,127,128,128,128,129,128,126,129,127,127,127,127,128,130,127,127,129,127,128,128,127,128,128,127,128,127,127,127,127,127,128,128,127,128,128,127,128,128,128,128,128,128,128,127,127,128,128,127,128,128,127,129,128,127,128,130,127,127,129,128,128,127,127,127,128,127,128,127,129,128,128,128,127,127,128,128,128,127,127,127,128,128,128,127,128,127,127,128,128,128,127,128,127,128,128,127,128,128,127,130,128,127,128,128,127,127,128,128,128,128,129,127,128,127,127,127,127,127,127,127,127,127,127,127,127,128,127,127,127,128,128,127,128,130,127,128,127,127,128,127,127,128,127,129,128,128,128,129,128,128,128,127,127,127,127,127,128,128,128,127,127,128,128,127,127,127,128,127,128,128,127,127,128,127,128,128,127,128,127,128,127,128,127,127,127,127,127,127,127,127,128,127,128,127,127,127,127,128,128,128,129,127,128,127,128,128,128,127,128,127,127,127,127,127,127,127,128,128,128,128,128,128,128,128,127,127,129,128,128,128,127,128,128,128,129,129,127,127,129,128,127,128,127,128,127,128,128,129,128,127,128,127,128,127,129,127,128,127,127,127,127,128,127,129,127,128,127,128,127,128,128,129,127,128,128,128,127,127,128,128,127,127,128,128,129,128,127,127,127,127,127,127,127,127,128,129,127,128,128,128,127,127,127,129,128,128,128,128,128,129,127,127,129,127,127,128,127,127,127,128,128,127,127,128,128,127,128,128,127,127,129,128,127,128,127,127,127,128,127,127,127,127,127,128,128,128,128,127,128,127,129,127,128,127,127,128,128,127,127,127,128,127,127,128,129,127,128,128,128,127,128,128,129,127,128,129,127,128,127,128,127,128,128,127,128,128,129,128,128,127,127,128,128,128,126,127,129,127,128,128,127,128,127,127,127,127,128,129,127,128,127,128,128,128,127,128,127,128,128,127,128,127,127,127,128,128,128,128,128,127,128,128,128,129,128,128,128,128,129,128,128,128,129,128,128,128,128,127,127,128,127,130,128,128,129,127,128,128,128,127,128,128,128,127,127,128,128,127,127,127,128,128,128,127,128,127,128,128,128,128,127,127,127,128,128,128,128,128,129,127,128,128,129,128,127,128,128,128,127,127,128,127,128,127,128,127,127,128,129,127,128,127,127,130,127,128,128,127,127,127,127,128,128,128,127,127,129,128,127,128,128,128,128,127,127,127,127,127,128,127,127,127,127,128,128,127,128,128,129,127,128,127,128,128,128,129,127,128,127,128,127,128,127,127,129,127,128,129,127,127,128,128,127,128,126,129,128,127,128,128,128,128,130,128,128,127,128,127,128,128,127,128,127,128,127,128,128,127,128,128,129,127,128,128,129,128,127,128,128,127,128,128,127,127,128,128,127,127,127,128,128,128,127,127,128,128,128,128,128,127,128,127,127,128,127,127,127,129,128,128,128,127,127,127,127,128,127,128,128,127,127,127,129,128,128,129,127,127,128,128,127,128,128,128,128,127,127,127,127,127,128,129,128,128,127,129,128,128,128,127,128,127,127,127,127,128,127,127,127,127,128,128,127,127,128,128,127,128,128,127,128,128,127,128,127,127,129,128,128,127,129,128,128,128,127,127,129,128,127,127,128,128,128,127,128,128,129,127,127,127,128,128,127,128,127,127,127,128,127,127,128,128,127,127,127,128,127,128,127,128,127,127,127,127,127,128,127,127,129,128,128,127,128,127,128,128,128,127,128,127,128,130,127,127,128,128,127,128,127,128,128,127,127,128,127,127,127,128,128,128,128,128,128,127,127,128,129,127,127,127,128,127,128,129,127,128,128,127,128,130,127,127,129,127,127,127,127,127,128,129,128,127,129,128,127,128,128,127,128,128,127,128,128,128,127,127,127,127,128,127,127,127,127,127,127,127,127,127,127,127,127,128,128,128,128,128,128,127,127,127,127,127,128,128,128,128,127,128,127,127,128,127,128,128,127,127,127,127,127,129,128,126,128,128,128,127,128,127,129,127,128,128,128,127,127,128,127,128,127,127,127,129,128,127,127,127,128,128,128,127,127,127,129,128,128,129,128,128,128,128,128,127,128,128,128,127,127,128,128,127,128,127,128,127,129,128,127,128,127,128,128,127,127,127,127,127,129,127,128,129,128,127,128,129,127,128,127,127,128,127,128,127,128,127,127,128,127,127,127,127,127,128,127,128,128,127,127,127,128,128,127,128,127,127,128,127,127,128,127,128,127,127,128,128,127,127,127,127,127,127,127,128,127,127,128,128,127,127,127,127,127,128,127,129,127,128,127,128,128,127,128,128,129,128,127,130,128,127,128,128,128,128,127,128,128,128,127,127
191,127,127,127,127,127,127,127,127,127,127,127,127,127,127,127,127,127,127,127,127,128,127,128,127,128,128,127,128,141,102,126,169,73,172,151,80,178,137,72,195,112,78,210,82,89,214,59,109,225,59,101,227,32,128,215,17,157,202,10,192,178,8,189,185,253,222,155,8,244,125,26,5,80,53,13,42,43,15,52,73,13,21,106,1,251,147,230,239,194,195,240,181,190,0,206,145,79,162,107,147,134,98,180,72,135,186,39,165,209,24,187,170,15,222,137,24,252,82,56,8,40,97,249,5,156,217,245,151,223,246,209,169,2,245,115,29,10,58,72,7,17,125,239,248,180,202,247,181,202,244,227,151,7,2,98,37,14,49,78,9,13,124,243,247,167,247,249,163,216,244,209,171,0,244,118,26,10,67,64,12,27,107,252,4,102,0,8,139,230,252,186,184,4,229,125,33,253,69,74,253,30,121,234,27,126,231,8,181,185,8,227,127,29,253,76,63,3,27,118,238,0,175,236,251,187,191,250,233,135,17,4,77,62,2,27,125,232,0,182,193,250,191,184,0,234,128,26,0,69,73,252,24,130,228,0,188,187,253,231,134,0,236,125,26,3,66,72,0,21,129,231,252,188,186,0,233,127,25,1,120,32,2,65,78,251,26,130,224,9,180,180,14,215,132,41,227,93,79,219,93,86,210,71,122,188,63,149,162,68,166,137,83,172,117,102,170,103,107,165,105,123,155,101,135,143,102,144,132,108,147,124,116,146,118,125,145,118,126,141,116,130,136,116,135,129,119,136,128,123,135,125,126,135,122,127,133,123,128,131,123,130,129,125,131,128,126,131,127,128,130,126,127,129,127,127,129,127,129,127,126,129,127,127,128,127,128,128,128,127,129,127,128,128,128,128,127,128,127,127,127,127,127,127,128,128,127,128,128,127,127,127,127,127,127,128,128,128,128,128,128,127,127,127,127,127,127,128,127,127,127,127,127,127,127,127,128,127,127,127,127,127,127,127,127,128,128,127,127,127,127,127,127,127,128,128,127,127,127,127,128,127,128,127,128,127,127,127,127,128,127,127,127,127,127,127,127,128,127,127,127,127,127,127,127,128,127,128,127,128,128,127,128,128,127,127,128,127,127,128,128,127,128,127,128,127,127,127,127,128,128,127,127,127,127,128,128,127,127,127,128,128,127,128,127,127,127,127,127,127,128,127,128,127,128,128,127,128,127,127,127,128,127,127,128,127,127,128,127,127,127,127,128,127,128,127,128,127,127,128,128,128,128,128,128,128,128,127,127,127,127,127,128,128,128,127,127,128,128,128,127,127,128,128,127,128,128,127,127,127,127,127,128,128,127,127,127,127,128,127,128,127,127,127,127,128,128,128,128,127,128,127,127,127,127,127,128,128,128,127,128,128,127,128,129,128,128,129,128,128,128,127,127,128,127,128,129,127,127,128,128,128,127,128,128,127,128,128,127,128,127,128,128,128,127,128,128,127,128,128,128,127,128,128,127,128,128,127,128,128,127,127,128,128,127,128,127,127,127,127,127,127,128,128,127,127,127,127,127,127,128,127,128,127,127,127,127,127,127,128,128,127,128,127,127,127,128,127,128,128,127,128,127,127,127,128,128,127,128,128,128,127,128,128,127,128,128,128,127,128,127,128,128,127,128,127,128,130,127,128,131,126,127,131,124,130,129,123,133,127,121,133,128,122,135,126,123,138,123,125,138,120,127,136,117,131,135,115,135,137,114,134,133,113,140,128,114,144,124,118,145,119,123,145,114,127,143,111,127,143,112,131,140,111,136,134,112,140,128,114,143,125,119,142,121,123,141,119,123,140,120,127,139,118,128,136,118,131,133,119,133,130,120,135,127,122,135,128,122,134,127,124,134,125,127,133,124,128,132,124,128,130,124,129,129,125,130,129,125,130,128,126,130,127,126,131,127,128,131,126,127,130,126,127,129,126,128,129,126,129,128,125,131,127,126,131,128,127,131,126,127,131,124,129,129,125,129,129,124,131,128,125,131,128,126,132,126,127,132,126,127,130,125,128,129,125,128,130,125,129,129,126,129,128,126,130,127,126,130,128,127,130,128,127,130,127,127,131,128,127,131,127,128,131,126,127,131,125,128,130,126,129,128,125,130,129,125,130,128,126,131,128,127,131,127,128,131,125,127,130,125,129,128,126,130,128,125,130,127,126,131,127,128,131,126,128,131,126,128,129,124,130,128,125,130,128,125,130,127,126,130,127,128,131,126,128,130,126,128,129,126,128,129,126,128,128,127,129,127,126,130,127,127,129,128,127,129,127,127,129,127,128,127,128,128,127,128,128,127,128,128,127,127,127,127,127,128,128,128,127,128,128,127,128,128,127,127,128,128,127,128,128,128,128,128,127,127,127,128,127,128,128,127,128,127,128,127,127,127,127,128,127,127,128,128,128,128,128,128,127,127,127,127,127,128,127,127,127,127,127,127,127,127,127,127,127,127,127,127,127,127,127,127,127,127,128,128,128,127,128,127,127,127,127,127,128,127,127,128,128,127,128,128,127,127,127,127,127,128,127,128,128,127,128,128,128,127,128,128,127,127,128,128,127,128,127,128,127,128,127,127,127,127,128,127,127,127,127,127,127,127,128,127,128,128,127,128,128,127,127,127,127,127,128,128,127,127,127,127,127,127,128,127,128,128,127,127,127,128,127,129,128,128,128,128,127,127,128,128,127,127,128,127,127,127,127,128,127,127,128,127,128,127,127,127,127,127,127,127,127,127,128,127,127,127,127,127,127,127,127,128,127,128,128,127,127,127,128,128,128,128,127,128,127,127,127,128,128,127,128,127,128,127,127,127,127,127,127,128,127,127,128,127,128,128,127,127,127,127,127,128,127,128,128,127,128,127,127,127,128,128,128,128,127,127,127,127,127,127,128,128,127,128,127,127,127,128,127,127,128,127,127,128,128,127,128,127,127,127,128,128,128,128,128,127,127,127,128,127,128,127,128,127,128,127,127,127,127,128,128,127,128,128,127,127,128,127,127,128,128,127,128,128,127,127,128,128,127,128,127,128,128,127,127,128,127,128,128,127,128,128,128,128,127,128,128,127,128,128,127,128,128,127,128,128,128,127,128,128,127,128,128,127,128,128,127,128,127,128,127,128,128,127,128,129,128,128,128,127,127,128,128,127,128,128,128,128,127,127,128,128,128,128,127,129,127,127,129,127,127,129,128,128,129,127,128,129,128,127,128,128,128,128,127,128,128,128,128,127,127,130,127,127,129,128,128,129,127,127,129,128,127,128,128,128,127,127,128,127,127,128,127,128,129,127,128,129,128,127,129,127,127,129,128,127,127,128,128,127,128,127,128,127,127,127,128,128,127,128,128,127,128,127,127,127,128,127,128,128,127,127,127,127,128,127,128,127,127,127,127,127,127,127,127,128,128,127,128,128,128,127,127,128,129,127,127,127,127,128,128,127,128,128,127,128,128,127,127,128,128,128,128,128,128,128,128,127,129,128,128,128,127,128,127,128,128,127,128,128,127,127,128,127,128,128,127,128,128,127,127,128,127,127,127,127,127,127,128,128,127,128,127,127,127,128,128,127,128,128,127,127,127,127,127,128,128,127,127,127,127,127,128,128,127,128,127,127,127,127,128,127,127,127,128,127,128,127,127,127,127,128,128,127,128,127,127,127,127,127,127,127,127,127,127,127,128,127,128,127,128,127,128,127,127,127,127,128,128,128,127,128,127,127,127,127,128,128,127,128,127,127,127,127,127,127,127,127,127,127,127,127,128,127,128,127,127,127,127,127,128,128,127,127,127,128,127,128,128,128,128,128,128,127,128,128,128,127,128,127,127,127,128,128,128,128,127,127,127,127,127,128,127,127,127,128,127,127,127,127,127,127,128,127,128,127,127,127,127,127,127,127,127,127,127,127,127,127,128,127,128,128,128,128,128,127,128,128,127,128,128,128,127,127,127,127,127,127,127,128,127,128,127,127,127,127,127,127,128,127,127,127,127,127,127,128,128,128,128,127,127,127,127,128,127,128,128,127,127,127,127,127,127,127,127,128,127,127,127,128,127,128,128,128,127,127,127,127,127,128,127,128,128,127,127,127,128,127,127,127,127,128,127,128,128,127,128,128,127,127,128,127,127,127,127,127,127,127,127,127,127,127,127,127,128,127,128,127,127,127,127,127,127,127,127,128,127,127,127,127,127,127,128,127,127,127,127,128,127,128,127,128,128,127,127,127,127,127,127,127,128,127,128,127,127,127,127,127,127,128,127,128,127,128,127,127,128,127,128,128,127,127,127,127,128,128,128,127,128,127,128,128,127,127,128,128,127,128,128,128,127,128,127,127,127,127,128,128,128,128,127,127,127,128,128,127,128,127,128,127,127,127,127,128,127,127,127,127,127,127,128,127,127,127,127,127,127,127,128,127,128,129,127,128,128,127,127,128,128,127,128,127,127,128,127,127,127,128,128,128,128,128,127,128,128,127,127,128,127,127,127,127,128,127,128,128,127,127,128,127,127,127,128,128,127,128,128,127,127,127,128,128,127,127,127,128,127,127,127,128,128,127,127,127,127,127,127,128,127,128,127,128,127,127,127,128,127,128,128,127,127,127,127,128,128,127,127,128,127
191,127,127,127,127,127,127,127,127,127,127,127,127,127,127,127,127,127,127,127,127,128,126,128,128,128,128,127,128,141,94,147,144,75,172,105,99,184,82,108,193,58,130,189,42,166,173,32,199,152,39,219,124,46,239,86,65,245,54,93,243,22,127,231,2,160,211,248,201,180,253,233,144,9,3,105,31,15,64,61,16,28,97,5,2,138,236,240,179,208,236,214,171,250,240,118,76,212,56,127,209,29,164,184,21,215,146,19,235,125,28,4,73,61,10,51,78,10,22,108,253,2,133,241,238,216,174,246,238,146,2,3,115,21,16,83,44,19,53,69,17,26,99,8,8,122,251,250,145,233,241,167,218,239,193,194,240,210,176,247,230,152,2,244,128,17,252,110,30,0,88,48,7,63,70,6,42,91,3,22,118,246,5,148,225,251,175,203,252,201,171,6,0,86,51,10,49,81,8,21,111,250,252,150,227,240,193,196,238,229,159,249,1,122,15,14,84,44,17,49,75,11,22,111,249,253,153,224,242,191,195,241,224,162,249,249,127,13,11,90,40,17,53,71,13,21,108,253,0,145,230,244,182,201,245,212,167,26,253,87,57,249,63,88,234,50,118,213,46,140,189,50,157,167,59,167,146,72,172,131,86,171,120,99,167,113,111,161,108,120,155,107,127,148,107,132,140,110,136,135,112,136,131,117,138,127,119,138,126,122,137,126,125,134,124,128,133,124,128,130,123,129,129,126,131,127,126,130,128,127,131,128,127,129,127,127,130,127,127,129,127,127,129,128,128,127,128,128,128,127,127,127,128,128,127,127,128,128,128,127,127,127,128,128,128,128,127,127,128,127,127,127,127,128,128,128,127,127,127,127,127,128,127,128,128,128,128,127,127,127,127,127,128,127,127,127,128,127,127,128,127,128,127,128,128,127,127,127,128,127,127,128,127,128,127,127,127,127,128,127,128,127,127,128,128,127,128,128,127,127,128,127,127,127,127,127,128,127,128,127,127,128,127,127,127,128,127,127,128,127,127,127,128,127,128,128,127,128,128,127,128,127,128,127,127,127,127,127,127,127,128,127,127,128,127,128,127,128,128,127,127,127,128,127,127,127,127,127,128,128,128,128,128,128,127,128,127,127,128,127,127,127,128,127,127,127,127,128,127,127,129,127,128,127,127,127,127,127,127,128,127,128,128,128,127,127,127,127,128,127,128,127,128,127,127,128,127,128,128,127,127,127,127,127,128,127,127,128,128,128,128,127,128,127,127,127,127,127,127,127,127,127,127,128,127,128,127,127,127,127,127,128,128,128,127,128,127,127,128,127,128,129,128,128,130,128,127,128,126,128,129,126,129,128,126,129,127,127,131,128,125,131,128,127,131,127,127,131,126,128,132,125,128,130,125,129,131,124,129,129,124,130,129,124,131,127,123,133,127,125,132,127,125,132,126,128,132,125,128,131,126,129,129,125,129,128,126,131,127,126,129,128,128,130,128,128,129,127,128,129,127,128,127,127,128,127,127,129,127,128,129,127,128,129,126,128,128,126,130,127,125,130,127,125,132,128,126,132,125,126,135,125,127,133,121,130,132,121,132,130,119,134,129,120,137,127,121,138,125,123,140,122,124,139,120,128,139,117,129,137,115,132,136,115,134,132,115,138,129,117,138,128,119,139,126,122,139,123,123,138,123,126,136,122,128,134,123,128,133,123,127,131,125,129,130,124,128,130,125,128,131,126,127,130,125,128,132,123,127,133,123,128,134,122,129,132,119,132,132,120,133,131,118,135,129,119,137,128,118,139,127,120,141,123,121,140,121,125,140,118,128,138,117,130,137,116,132,134,116,134,127,120,138,125,121,140,125,123,138,123,125,138,122,127,137,120,128,136,121,128,135,120,128,134,120,130,134,119,130,133,119,132,133,118,133,131,117,136,131,118,136,127,118,139,128,120,140,124,121,141,122,124,140,118,127,140,117,129,138,115,136,130,117,139,128,118,140,125,121,141,123,124,139,120,127,139,119,128,136,118,131,134,119,134,130,119,135,128,121,136,127,123,135,125,126,135,123,127,133,123,129,132,123,130,129,123,131,129,124,131,128,125,132,128,126,131,126,127,131,125,129,130,124,128,129,126,130,128,125,129,128,126,130,128,125,129,127,126,130,128,126,129,128,127,130,128,127,130,127,127,131,128,127,130,127,128,131,127,127,131,125,128,131,126,128,129,125,129,129,126,129,129,126,129,127,127,130,128,128,129,127,127,130,127,127,127,127,129,128,127,129,128,128,129,127,127,129,127,127,127,128,130,128,127,129,128,127,130,128,128,129,126,127,131,126,127,129,126,129,129,126,129,127,125,130,128,127,130,128,126,130,128,127,130,127,128,130,127,128,129,126,127,129,127,128,128,127,128,127,127,129,128,127,127,128,127,128,127,128,128,128,127,129,127,128,129,128,127,129,127,127,128,127,127,128,128,128,128,127,127,127,128,128,128,127,127,127,127,128,127,127,127,128,128,128,128,128,127,127,129,127,127,128,128,127,128,128,128,128,128,128,128,127,127,127,127,127,127,127,127,128,128,127,128,128,128,128,128,127,127,127,128,127,128,128,127,128,128,128,128,127,128,127,128,127,128,127,127,127,127,127,127,127,128,127,128,127,127,128,128,128,128,127,127,127,128,127,128,127,127,127,127,128,127,127,128,128,128,128,127,128,127,127,128,128,127,127,127,128,127,128,127,127,128,127,127,128,127,127,127,127,127,127,128,127,128,127,127,127,127,127,127,128,127,128,127,127,127,128,127,128,127,127,127,128,128,127,127,127,127,129,127,127,127,128,128,128,128,128,128,128,127,127,127,129,127,127,129,127,128,129,128,127,128,128,127,129,127,127,129,127,128,128,128,128,127,127,129,128,127,128,127,127,129,128,128,130,128,127,130,127,127,129,127,127,129,127,127,129,127,127,128,128,128,128,127,128,127,127,129,127,127,127,128,127,129,128,128,127,127,128,127,128,128,128,128,128,127,128,127,128,127,128,127,128,127,127,127,128,128,127,128,128,128,128,129,128,128,128,127,128,129,128,128,127,126,129,128,126,130,127,127,129,127,127,131,127,127,129,126,128,129,126,128,127,126,130,127,127,130,128,127,130,128,128,130,126,128,130,127,128,129,126,128,129,126,129,128,127,128,128,128,130,127,128,128,127,128,129,127,128,128,126,128,128,128,128,127,128,128,128,128,129,127,127,128,128,129,127,127,128,128,128,129,127,128,128,127,127,129,128,127,127,127,128,128,128,128,127,127,129,127,128,129,128,128,128,127,127,128,128,127,127,127,128,128,128,127,127,127,128,127,127,128,127,127,128,127,127,127,128,128,127,127,127,127,128,128,127,128,128,128,127,127,127,128,128,128,127,127,127,127,128,127,127,128,127,127,128,128,127,127,127,127,127,128,127,127,127,128,127,127,128,128,128,128,128,127,127,128,128,127,128,128,127,128,127,127,127,127,128,127,128,128,128,127,127,128,128,127,127,127,128,127,128,128,127,127,127,127,127,127,127,127,128,127,128,127,127,127,128,127,127,127,127,127,128,127,128,127,128,128,128,127,128,127,127,127,128,127,127,128,127,127,128,127,127,127,127,127,127,128,127,128,127,127,128,128,127,127,127,127,128,127,127,128,128,128,128,127,128,127,128,127,128,128,128,128,128,127,127,127,128,128,127,127,128,127,128,128,128,128,127,128,128,127,128,128,127,127,127,128,127,128,127,127,128,127,128,128,127,127,127,128,127,128,127,127,128,128,128,127,127,128,128,128,127,127,127,128,128,128,127,127,128,127,128,127,127,128,128,127,127,127,128,127,128,127,127,127,128,127,127,128,127,127,128,128,128,128,128,127,127,128,127,127,127,127,128,128,127,128,127,127,127,127,127,127,127,128,128,128,127,127,128,128,128,128,127,128,127,127,127,128,128,127,127,128,127,128,127,127,127,127,127,127,128,127,128,128,128,127,127,127,127,127,127,127,128,128,127,128,127,127,128,127,128,127,127,127,127,128,128,127,128,127,128,128,127,128,127,127,127,128,127,127,127,128,128,128,127,127,127,128,127,127,127,127,128,128,127,128,127,127,128,127,127,127,127,128,127,128,127,128,128,127,127,127,127,127,128,127,127,128,128,127,128,127,127,127,127,128,127,128,127,128,127,127,127,127,127,127,127,127,127,128,127,127,127,127,127,127,128,127,128,127,127,127,127,127,127,128,127,128,128,128,127,127,128,127,128,127,127,128,128,128,128,127,128,127,127,127,127,127,128,128,128,127,128,128,127,128,127,127,127,127,127,128,128,127,128,128,127,127,128,127,127,127,128,127,128,127,127,128,127,128,127,127,128,128,128,127,127,127,127,128,128,127,127,127,127,127,127,127,127,127,128,127,128,127,127,127,127,127,128,127,127,127,128,127,128,127,128,127,127,127,127,127,128,128,128,128,128,128,127,128,128,127,128,127,127,127,127,127,127,128,128,127,128,127,127,128,127,127,127,128,127,128,127,127,128,128,128,127,127,128,127,128,127,127,128,128,128,128,128,127,127,128,128,127,127,127,128,128,127,127,128,127,128,128,128,127,127,128,127,128,127,127,128,127,128,127,127,127,128,127,127,127
191,127,127,127,127,127,127,127,127,127,127,127,127,127,127,127,127,127,127,128,127,127,128,127,127,128,128,135,127,98,186,84,133,171,79,157,161,65,186,139,65,206,115,70,214,85,86,221,88,81,227,55,103,221,34,134,205,20,169,190,14,196,169,18,225,132,29,248,100,51,0,59,78,253,29,109,241,36,100,243,14,138,227,249,177,202,244,211,174,251,242,121,28,231,101,108,181,66,160,168,36,201,106,72,229,79,78,243,38,118,230,10,145,223,252,181,199,245,214,171,247,233,145,8,3,109,27,14,73,53,18,39,84,12,56,66,17,27,98,8,9,122,249,246,151,231,240,181,205,238,204,184,244,232,153,0,246,127,16,5,103,32,11,75,53,11,57,71,11,33,96,5,16,122,246,2,151,224,249,181,198,252,206,166,8,233,125,28,253,85,54,7,48,84,5,17,120,244,251,156,221,241,200,188,243,236,149,0,6,108,26,18,67,18,16,79,48,16,38,91,2,10,134,234,248,175,206,241,211,174,246,241,138,8,6,101,33,15,60,66,12,25,105,253,0,147,229,242,188,196,243,222,157,3,246,118,26,3,82,57,0,55,92,238,39,125,214,36,150,188,42,168,161,54,178,139,70,181,123,87,178,111,103,172,103,117,164,100,128,154,100,134,145,103,139,144,107,136,137,110,139,131,114,140,127,118,139,126,122,138,123,126,136,122,128,134,123,128,132,123,129,130,124,130,128,125,131,127,126,131,128,127,130,127,128,130,127,127,129,127,127,129,127,128,128,127,128,127,128,129,127,128,128,127,128,129,128,127,128,128,127,128,128,127,128,128,127,128,128,128,127,128,128,127,128,128,127,128,128,127,127,128,127,127,128,127,127,128,127,127,128,127,127,128,127,127,127,127,127,128,127,127,127,127,127,127,127,127,127,128,127,127,128,127,127,127,127,127,128,127,127,128,128,127,127,127,127,127,127,127,127,127,127,127,127,127,127,127,127,127,127,127,127,127,127,127,127,127,127,127,127,128,128,127,127,127,127,127,127,127,127,127,127,127,127,127,127,127,127,127,127,127,127,127,127,127,127,127,127,127,127,127,127,127,127,127,127,127,127,127,127,127,127,127,127,127,127,127,127,127,127,127,127,128,127,127,127,127,127,127,127,127,127,127,127,128,127,127,127,127,127,127,127,127,127,127,127,127,127,127,127,127,127,127,127,127,127,127,127,127,127,127,127,127,127,127,127,127,127,127,127,127,127,127,127,127,127,127,127,127,127,127,127,127,127,127,128,127,127,128,127,127,128,127,127,127,128,127,127,127,127,127,127,128,127,127,128,127,127,128,127,127,128,127,127,128,128,127,128,127,127,127,127,127,127,128,127,127,128,127,127,127,127,127,127,127,127,127,127,127,128,128,127,128,128,127,127,128,127,127,128,127,127,127,128,127,127,128,128,127,127,127,127,127,127,127,127,127,127,127,127,127,127,127,127,127,128,128,127,127,128,127,127,127,127,127,127,128,127,127,127,127,127,127,127,127,127,127,127,127,127,127,127,127,127,127,127,127,127,127,127,127,127,127,127,127,127,127,127,127,127,127,127,127,127,127,127,127,127,127,127,127,127,127,127,127,127,127,127,127,127,127,127,127,127,127,127,127,127,127,127,127,127,127,127,127,127,127,127,127,127,127,127,127,127,127,127,127,127,127,127,127,127,127,127,127,127,127,127,127,127,127,127,127,127,127,127,127,127,127,127,128,127,127,127,127,127,127,127,127,127,127,127,127,127,127,127,127,127,127,127,127,127,127,127,127,127,127,127,127,127,127,127,127,127,127,127,127,127,127,127,127,127,127,127,127,127,127,127,127,127,127,127,127,127,127,127,127,127,127,127,127,127,127,127,127,127,127,127,127,127,127,127,127,127,127,127,127,127,127,127,127,127,127,127,127,127,127,127,127,127,127,127,127,127,127,127,127,127,127,127,127,127,127,127,127,127,127,127,127,127,127,127,127,127,127,127,127,127,127,127,127,127,127,127,127,127,127,127,127,127,127,127,127,127,127,127,127,127,127,127,127,127,127,127,127,127,127,127,127,127,127,127,127,127,127,127,127,127,127,127,127,127,127,127,127,127,127,127,127,127,127,127,127,127,127,127,127,127,127,127,127,127,127,127,127,127,127,127,127,127,127,127,127,127,127,127,127,127,127,127,127,127,127,127,127,127,127,127,127,127,127,127,127,127,127,127,127,127,127,127,127,127,127,127,127,127,127,127,127,127,127,127,127,127,127,127,127,127,127,127,127,127,127,127,127,127,127,127,127,127,127,127,127,127,127,127,127,127,127,127,127,127,127,127,127,127,127,127,127,127,127,127,127,127,127,127,127,127,127,127,127,127,127,127,127,127,127,127,127,127,127,127,127,127,127,127,127,127,127,127,127,127,127,128,128,127,128,127,127,127,127,127,127,127,127,127,127,127,127,127,127,127,127,128,127,127,128,127,127,128,128,127,128,128,127,127,128,127,127,128,127,128,128,127,128,128,127,127,128,128,127,128,128,127,128,128,127,128,128,127,128,128,128,127,128,128,127,128,127,127,128,128,127,128,128,127,127,128,127,127,128,127,127,128,128,127,127,127,127,127,127,127,128,127,127,127,127,127,127,127,127,127,127,127,127,127,127,127,127,127,127,128,128,127,128,128,127,127,128,128,127,128,128,127,128,128,127,128,128,127,128,128,127,127,128,127,127,128,128,127,128,128,127,127,128,127,127,128,127,127,128,127,127,127,127,127,127,127,127,127,127,127,127,127,127,127,127,127,127,127,128,127,128,128,127,127,128,127,127,128,128,127,128,128,127,128,128,128,127,128,127,128,128,128,127,128,128,127,128,128,127,128,128,127,127,128,127,127,128,127,127,128,128,127,128,128,127,128,128,127,127,128,127,127,127,127,127,127,127,127,127,128,127,127,127,127,127,127,127,127,127,127,127,127,127,127,127,127,127,127,127,127,127,127,127,127,127,127,127,127,127,127,127,127,127,127,127,127,128,127,127,127,127,127,128,127,127,127,127,127,127,127,127,127,127,127,127,127,127,127,127,127,127,127,127,127,127,127,127,127,127,127,127,127,127,127,127,127,127,127,127,127,127,127,127,127,127,127,128,128,127,128,128,127,127,128,127,127,128,127,127,128,128,127,127,128,127,127,128,127,127,128,127,127,127,127,127,128,127,127,128,127,127,127,127,127,127,127,127,127,127,127,127,127,127,127,127,127,127,127,127,128,128,127,128,128,127,128,128,127,128,127,127,127,127,127,127,127,127,127,127,127,127,127,127,127,127,127,127,127,127,127,127,127,127,127,127,127,127,127,127,127,127,127,127,127,127,127,127,127,127,127,127,127,127,127,127,127,127,127,127,127,127,127,127,127,127,127,127,127,127,127,127,127,127,127,127,127,127,127,127,127,127,127,127,127,127,127,127,127,127,127,127,127,127,127,127,127,127,127,127,127,127,128,127,127,128,127,127,128,127,127,127,127,127,127,127,127,127,127,127,127,127,127,127,127,127,127,127,127,127,127,127,127,127,127,127,127,127,127,127,127,127,127,127,127,127,127,127,127,127,127,127,127,127,127,127,127,127,127,127,127,127,127,127,127,127,127,127,127,127,127,127,127,127,127,127,128,128,127,127,127,127,127,127,127,127,127,127,127,127,127,127,127,127,127,127,127,127,127,127,127,127,127,127,127,127,127,128,127,127,128,127,127,127,127,127,127,127,127,127,127,127,127,127,127,127,127,127,127,127,127,127,127,127,127,127,127,127,127,127,127,127,127,127,127,127,127,127,127,128,128,127,127,128,127,127,128,127,127,128,128,127,128,128,127,128,128,127,127,127,127,127,128,127,128,128,127,127,127,127,127,127,127,127,127,127,127,128,127,127,127,127,127,127,127,127,127,128,127,127,127,127,127,127,127,127,127,127,127,127,127,127,127,127,127,127,127,127,127,127,127,127,127,127,127,127,127,127,127,127,127,127,127,127,127,127,127,127,127,127,127,127,127,127,127,127,127,127,127,127,127,127,127,127,127,127,127,127,127,127,127,127,127,127,127,127,127,127,127,127,127,127,127,127,127,127,127,127,127,127,127,127,127,127,127,127,127,127,127,127,127,127,127,127,127,127,127,127,127,127,127,127,127,127,127,127,127,127,127,127,127,127,127,127,127,127,127,127,127,127,127,127,127,127,127,127,127,127,127,127,127,127,127,127,127,127,127,127,127,127,127,127,127,127,127,127,127,127,127,127,127,127,127,127,127,127,127,127,127,127,127,127,127,127,127,127,127,127,127,127,127,127,127,127,127,127,127,127,127,127,127,127,127,127,127,127,127,127,127,127,128,127,127,127,127,127,127,127,127,127,127,127,127,127,127,127,127,127,127,127,127,127,127,127,127,127,127,127,127,127,127,128,128,127,127,127,127,127,127,127,127,127,127,127,127,127,127,127,127,127,127,127,127,127,127,127,127,127,127,128,127,127,128,127,127,128,128,127,127,127,127,127,127,127,127,127,127,127,127,127,127,128,127,127,128,127,127,127,127,127,127,127,127,127,127,127,127,127,127,127,127,127,127,127,127,127,127,127,128,127,127,127,127,127,127,127
191,127,127,127,127,127,127,127,127,127,127,127,127,127,127,127,127,127,127,127,127,128,128,127,128,128,127,127,141,101,127,169,72,173,152,80,179,135,73,196,108,81,211,80,91,214,55,113,219,28,141,207,25,135,213,11,170,196,4,202,173,3,236,135,16,5,98,37,2,110,27,15,70,56,18,32,92,7,6,128,242,242,166,218,247,154,227,237,200,191,240,236,127,23,230,112,95,158,98,163,121,108,179,78,130,188,42,161,179,28,216,130,36,243,90,55,0,38,100,248,8,142,226,248,203,178,246,198,184,250,241,121,26,9,69,62,9,23,118,242,250,172,207,246,222,155,6,0,100,37,1,98,37,14,48,79,9,12,127,241,246,175,207,243,218,162,2,249,112,29,12,64,66,12,24,64,12,25,108,250,0,154,221,246,197,180,0,233,129,23,2,79,57,9,35,103,248,8,155,209,8,161,203,5,209,149,20,244,92,54,3,42,98,247,10,150,218,251,208,164,8,247,105,38,8,97,43,7,41,99,247,5,162,210,249,218,154,11,251,93,46,6,40,103,244,5,164,207,248,172,201,249,221,152,10,252,95,45,6,41,101,245,6,162,210,249,214,160,7,249,100,41,7,46,93,7,39,102,245,7,161,208,252,213,154,13,245,99,49,0,51,98,240,21,148,206,14,189,162,29,187,155,40,206,119,68,207,91,100,196,75,128,175,72,151,151,80,162,130,93,166,116,110,162,105,114,157,108,127,148,105,135,139,108,142,129,114,143,123,120,142,119,127,139,117,131,134,116,135,129,119,135,128,121,136,127,123,135,125,126,134,123,128,132,123,130,130,124,130,128,125,131,127,126,131,127,128,130,128,128,129,127,127,128,127,128,127,128,128,128,127,128,127,128,127,128,129,127,127,129,128,128,129,128,128,129,128,127,129,127,127,129,126,128,128,127,129,128,127,129,127,127,129,127,128,129,128,127,128,127,128,128,127,128,128,127,128,128,127,128,127,128,128,127,128,128,128,127,128,128,127,127,129,127,128,129,127,128,128,127,128,128,127,128,128,128,127,128,128,127,128,127,128,128,127,127,128,128,127,128,128,127,128,127,128,128,128,127,128,128,127,128,128,128,127,128,128,127,128,128,127,128,127,128,128,128,128,127,128,127,128,128,128,128,127,128,128,128,127,128,128,127,127,127,127,127,127,127,127,128,127,128,128,127,128,128,127,128,128,127,128,128,127,128,127,127,128,128,127,128,128,127,128,128,128,128,127,128,128,128,127,127,128,127,127,127,127,127,127,127,127,127,127,128,128,127,128,128,128,127,128,128,127,128,128,127,127,127,127,128,128,127,128,127,128,127,127,128,128,127,127,127,127,127,127,127,127,127,127,127,127,127,127,127,127,127,127,127,127,127,128,127,127,127,127,127,127,127,127,127,127,127,127,127,127,127,127,127,127,127,127,127,127,127,127,128,128,127,128,127,127,127,127,127,127,127,127,127,127,127,127,127,127,127,127,127,127,127,127,127,127,127,127,127,127,127,127,127,127,127,127,127,127,127,127,127,127,127,127,127,127,127,127,127,127,127,128,127,127,127,128,128,127,128,127,127,127,127,127,127,127,127,127,127,127,127,127,127,127,127,127,127,128,127,127,127,127,127,127,127,127,127,127,127,127,127,127,127,127,127,127,127,127,127,127,127,127,128,127,127,127,127,127,127,127,127,127,127,127,127,127,128,127,127,128,127,127,127,127,127,127,127,128,127,127,127,127,127,127,127,127,127,127,127,127,127,127,127,127,128,127,127,128,128,127,128,127,127,127,127,127,127,127,127,127,127,127,127,127,127,127,127,127,127,127,127,127,127,127,127,127,127,127,127,127,127,127,127,127,127,127,127,127,127,127,127,127,127,127,127,127,127,127,127,128,127,127,127,127,127,127,127,127,127,127,127,127,127,127,127,127,127,127,127,127,127,128,127,128,128,127,127,127,127,127,127,128,127,127,127,127,127,127,127,127,127,127,127,128,127,127,127,127,127,127,128,127,128,127,128,127,127,127,127,127,127,127,128,127,128,127,127,127,127,127,127,127,127,127,127,127,127,127,127,127,127,127,127,127,127,127,127,127,127,127,127,127,127,127,127,127,127,127,127,127,127,127,127,127,127,127,127,127,127,127,127,127,127,127,127,128,127,127,128,127,127,127,127,127,127,127,127,127,127,127,127,127,127,127,127,127,127,128,127,127,127,127,127,127,127,127,127,127,127,127,128,127,127,128,127,127,128,128,127,127,128,127,127,128,127,127,127,127,127,127,127,127,127,127,127,127,127,127,127,128,127,127,128,127,127,127,127,127,127,127,127,127,128,128,127,128,127,127,128,127,127,127,127,127,127,127,127,127,127,127,127,127,127,127,127,127,127,127,127,127,127,127,127,127,127,127,127,127,127,127,127,127,127,127,127,128,127,127,128,127,127,127,127,127,127,128,127,127,127,127,127,127,127,127,127,127,128,127,128,127,127,127,127,127,127,127,127,127,127,127,127,127,127,127,127,127,127,127,127,127,128,127,127,127,127,127,127,127,127,127,127,127,127,127,128,128,127,127,128,127,127,128,127,127,127,127,127,127,127,127,128,127,127,128,127,127,128,128,128,128,128,128,128,128,128,127,128,128,127,128,129,128,128,128,127,128,128,127,127,128,127,127,128,127,127,128,128,127,128,128,127,127,127,127,127,127,127,127,127,127,127,127,127,127,127,127,128,127,127,128,128,127,128,128,127,128,127,128,127,127,127,128,128,127,128,128,127,127,127,127,127,128,127,128,127,127,127,127,127,127,127,127,127,128,127,128,128,127,128,128,128,127,128,128,127,127,127,128,127,127,128,127,127,127,127,128,127,127,128,128,127,127,128,128,127,128,128,127,128,128,127,128,128,127,128,127,127,128,128,127,128,128,127,128,128,128,127,128,128,127,128,128,127,128,128,127,128,128,127,128,128,127,127,127,127,127,128,127,128,127,128,128,127,127,128,128,127,127,128,128,127,128,128,127,128,128,127,128,128,127,128,128,127,127,127,127,128,128,127,128,128,127,127,127,127,127,127,128,127,127,127,128,128,128,128,127,127,128,127,127,128,127,128,128,127,128,128,127,128,128,127,128,128,127,128,129,127,128,129,127,128,129,128,128,129,128,127,129,127,127,129,127,127,129,127,128,128,126,129,127,127,129,127,127,129,128,127,129,127,127,128,127,128,128,127,128,128,127,128,128,127,127,128,128,128,128,127,128,128,128,127,128,127,128,128,127,128,128,127,127,128,128,127,128,128,127,128,128,127,128,128,128,127,128,127,128,127,127,128,127,127,128,127,127,128,127,127,128,128,127,128,128,127,128,128,127,128,127,128,128,127,127,127,128,127,128,127,127,128,127,127,128,127,127,128,127,127,128,127,127,129,128,127,128,128,127,127,128,128,127,128,128,127,128,128,127,128,128,127,128,128,127,128,128,127,127,128,127,127,128,127,127,128,127,127,128,127,127,128,127,128,127,127,128,128,127,128,128,127,128,128,127,128,128,127,127,128,128,128,128,127,128,128,128,127,128,128,127,128,128,127,128,127,127,127,127,127,127,128,127,127,127,128,127,127,128,128,127,128,128,127,128,129,127,127,129,128,127,128,128,127,128,127,127,128,128,127,128,128,127,127,127,127,128,127,127,127,127,127,127,127,127,128,127,127,128,128,127,127,128,127,128,128,127,128,128,127,128,128,127,128,128,127,128,127,127,128,128,127,128,128,128,127,128,128,128,128,128,127,127,128,127,127,128,127,127,127,127,127,128,127,127,127,128,128,127,128,127,127,128,128,127,127,128,127,127,128,128,127,127,128,127,128,128,127,128,128,127,127,128,128,127,128,127,127,128,127,128,128,127,127,128,127,128,127,127,128,128,127,127,127,127,127,128,128,127,128,127,127,127,127,127,127,127,127,128,127,127,128,127,127,128,128,127,127,127,127,128,127,127,128,127,127,128,127,127,128,128,127,128,128,127,128,127,127,127,127,128,127,127,127,128,127,127,128,127,127,128,128,127,128,128,127,127,128,127,127,127,127,128,128,127,128,127,127,127,127,127,127,128,128,127,127,127,127,127,128,127,127,127,128,128,127,127,128,127,127,128,127,128,128,127,127,128,128,127,128,128,127,128,128,127,128,128,127,128,128,127,127,127,127,127,127,128,128,127,127,128,127,127,128,128,127,128,128,127,128,128,127,128,128,128,127,128,128,127,128,128,127,128,128,127,128,128,127,128,128,127,128,127,127,128,128,127,128,128,127,128,128,127,127,128,128,127,128,128,127,127,128,128,127,128,127,127,127,127,127,127,127,127,127,128,128,127,128,128,127,128,128,127,127,128,127,127,128,127,128,128,127,128,128,127,128,128,127,128,128,128,127,127,129,127,128,128,127,128,128,128,127,128,128,127,128,127,127,128,128,127,128,128,127,127,127,127,128,127,127,128,127,128,128,128,127,128,128,127,128,128,127,129,128,127,129,128,127,128,128,127,127,128,128,127,128,128,127,128,127,128,128,127,128,128,127,127,128,127,128,128,127,128,128,127,128,128,128,127,128,128,128,128,128,128,128,128,127,128,128,127,128,128,127,128,128
191,127,127,127,127,127,127,127,127,127,127,127,127,127,127,127,127,127,127,127,127,128,128,128,129,128,128,129,127,128,139,91,166,120,76,172,106,99,184,84,106,194,58,129,189,42,158,181,30,187,167,25,181,175,21,215,146,24,237,119,40,250,78,61,6,41,91,9,51,79,5,23,110,249,253,149,226,241,194,194,240,225,163,238,213,177,245,245,134,10,12,94,36,19,40,95,226,81,128,136,101,173,98,129,164,66,180,148,41,214,107,61,239,67,81,248,28,128,227,2,181,195,251,225,196,248,227,148,9,3,94,40,14,45,82,7,9,131,237,244,185,200,243,230,149,243,230,149,6,5,94,39,16,45,82,8,8,133,236,245,188,194,247,232,140,13,5,138,14,5,85,48,14,39,90,4,6,138,232,243,187,198,244,224,155,4,252,108,31,249,112,28,12,64,65,13,24,109,250,253,156,217,248,206,163,10,242,107,41,4,58,45,3,56,85,252,20,134,225,2,191,180,5,233,125,28,3,72,63,5,26,119,238,20,127,234,252,185,191,252,234,128,23,5,71,63,6,25,125,234,252,184,192,250,231,139,251,236,133,18,5,75,62,3,28,123,235,0,178,198,248,224,148,11,0,92,46,7,85,51,7,34,108,243,2,167,207,247,218,157,7,251,98,42,9,45,93,250,9,150,247,7,158,211,251,209,160,10,243,107,42,0,58,89,245,25,138,214,13,182,172,24,180,165,33,204,128,59,210,96,91,202,76,122,184,68,146,161,72,162,138,84,170,120,90,165,120,105,164,108,120,157,102,131,146,102,140,136,107,145,128,114,146,121,122,144,121,123,141,118,127,137,117,132,132,119,135,128,121,135,126,125,135,124,128,133,123,129,132,123,130,130,124,131,127,125,132,128,126,132,126,128,131,126,128,129,126,129,128,126,129,128,126,129,127,127,129,128,128,129,128,127,128,128,127,128,128,128,127,128,128,127,127,127,127,127,127,127,127,127,127,127,127,127,128,127,127,127,127,127,128,128,128,128,128,128,127,128,128,127,128,128,127,127,128,127,127,127,127,127,128,127,127,128,127,127,127,127,127,127,127,127,127,127,127,127,127,127,127,127,127,127,127,127,127,127,127,127,127,127,127,127,127,127,127,127,127,127,127,127,127,127,127,127,128,128,127,127,128,127,127,128,127,127,128,127,127,128,128,127,127,128,127,128,128,127,127,128,128,127,128,128,127,128,128,127,128,128,127,128,128,127,128,128,127,128,128,127,128,128,127,127,128,127,127,127,127,127,127,127,127,127,127,127,127,128,127,127,127,127,127,127,127,127,128,127,127,127,127,127,127,127,127,127,127,127,127,127,127,127,127,127,127,127,127,127,127,127,127,127,127,127,127,127,127,127,127,127,127,127,127,127,127,128,127,128,127,127,127,128,127,127,127,127,127,127,127,127,127,127,127,127,127,127,127,127,127,127,127,127,127,127,127,127,127,127,127,127,127,127,127,127,127,127,127,127,127,127,127,127,127,127,127,127,127,127,127,127,127,127,127,127,127,127,127,127,127,127,127,127,127,127,127,127,127,127,127,127,127,127,127,127,127,127,127,127,127,127,127,127,127,127,127,127,127,127,127,127,127,127,127,127,127,127,127,127,127,127,127,127,127,127,127,127,127,127,127,127,127,127,127,127,127,127,127,127,127,127,127,127,127,127,127,127,127,127,127,127,127,127,127,127,127,127,127,127,127,127,127,127,127,127,127,127,127,127,127,127,127,127,127,127,127,127,127,127,127,127,127,127,127,127,127,127,127,127,127,127,127,127,127,127,127,127,127,127,127,127,127,127,127,127,127,127,127,127,127,127,127,127,127,127,127,127,127,127,127,127,127,127,127,127,127,127,127,127,127,127,127,127,127,127,127,127,127,127,127,127,127,127,127,127,127,127,127,127,127,127,127,127,127,127,127,127,127,127,127,127,127,127,127,127,127,127,127,127,127,127,127,127,127,127,127,127,127,127,127,127,127,127,127,127,127,127,127,127,127,127,128,127,127,127,127,127,127,127,127,127,127,127,127,127,127,127,127,127,127,127,127,127,127,127,127,127,127,127,127,127,127,127,127,127,127,127,127,127,127,127,127,127,127,127,127,127,127,127,127,127,127,127,127,127,127,127,127,127,127,127,127,127,127,127,127,127,127,127,127,127,127,127,127,127,127,127,127,127,127,127,127,127,127,127,127,127,127,127,127,127,127,127,127,127,127,127,127,127,127,127,127,127,127,127,127,127,127,127,127,127,127,127,127,127,127,127,127,127,127,127,127,127,127,127,127,127,127,127,127,127,127,127,127,127,127,127,127,127,127,127,128,127,127,127,127,127,127,127,127,127,127,127,127,127,127,127,127,127,127,127,127,127,127,127,127,127,127,127,127,127,127,127,127,127,127,127,127,127,127,127,127,127,127,127,127,127,127,127,127,127,127,127,127,127,127,127,127,127,127,127,127,127,127,127,127,127,127,127,127,127,127,127,127,127,127,127,127,127,127,127,127,127,127,127,127,127,127,127,127,127,127,127,127,127,127,127,127,127,127,127,127,127,127,127,127,127,127,127,127,127,127,127,127,127,127,127,127,127,127,127,127,127,127,127,127,127,127,127,127,128,127,127,127,127,127,127,127,127,127,127,127,127,127,127,127,127,127,127,127,127,127,128,127,127,128,127,127,127,127,127,127,128,127,127,127,127,127,127,127,127,128,127,127,128,127,127,128,127,127,128,128,127,127,127,127,127,127,127,127,127,127,127,127,127,127,127,127,127,127,127,127,127,127,127,127,127,127,127,127,127,127,127,127,127,127,127,127,127,127,127,127,127,127,127,127,127,127,127,127,127,127,127,127,127,127,127,127,127,127,127,127,127,128,127,127,128,127,127,128,127,127,127,127,127,127,127,127,127,127,127,127,127,127,127,128,127,127,127,127,127,127,127,127,127,127,127,127,127,127,127,127,127,127,127,127,127,127,127,127,127,127,128,128,127,127,128,127,128,128,127,127,128,127,127,127,127,127,128,127,127,127,127,127,127,127,127,127,127,127,127,127,127,127,127,127,127,127,127,127,127,127,127,127,127,127,127,127,127,127,127,128,127,127,128,127,127,127,127,127,128,127,127,128,127,127,127,127,127,127,127,127,128,127,127,128,127,127,127,127,127,127,127,127,127,127,127,127,127,127,127,128,127,127,128,127,127,127,127,127,127,127,127,127,127,127,127,127,127,127,127,127,127,127,127,128,127,127,128,128,127,127,127,127,128,128,127,127,128,127,127,128,127,127,128,128,127,127,127,127,127,127,127,127,127,127,128,127,127,128,127,127,128,127,127,127,127,127,127,128,127,128,127,127,128,127,127,128,127,127,127,128,127,127,127,127,128,127,127,127,127,127,127,127,127,127,127,127,127,127,127,127,127,127,127,127,127,127,127,127,127,127,127,127,127,128,127,127,128,127,128,127,127,127,127,127,127,127,127,128,128,127,127,128,127,127,127,127,127,127,127,128,127,127,127,127,127,127,127,127,127,127,127,127,128,127,127,127,127,127,127,127,127,127,127,127,127,127,127,127,127,127,127,127,127,127,127,127,127,127,127,127,127,127,127,127,127,127,127,127,127,127,128,128,127,127,127,127,127,127,127,128,127,127,127,127,127,127,127,127,127,127,127,127,127,127,127,127,127,127,127,127,127,127,127,127,127,127,127,127,127,128,128,127,128,128,127,127,127,127,127,128,127,127,128,128,127,127,128,127,127,128,128,127,128,128,127,128,128,127,127,127,127,127,127,127,127,127,128,127,127,127,127,127,127,127,127,127,127,127,127,127,127,127,127,127,127,127,127,128,127,127,127,127,127,127,127,127,127,127,127,127,127,127,127,128,128,127,127,127,127,127,127,127,127,127,127,127,127,127,127,127,127,127,128,127,127,127,127,127,127,127,127,127,127,127,127,127,127,127,127,127,127,127,127,127,127,127,127,127,128,127,127,127,127,127,128,128,127,128,128,127,127,127,127,127,127,127,127,127,127,127,128,127,127,128,127,127,127,128,127,127,127,128,127,127,128,127,127,127,127,127,127,127,127,127,127,127,127,127,127,127,127,127,127,127,127,127,127,127,127,127,127,127,127,127,127,128,127,127,128,127,127,127,127,127,128,127,127,127,128,128,127,128,128,127,127,127,127,127,127,127,128,127,127,127,127,127,128,128,127,128,128,127,127,128,127,127,127,127,127,127,127,127,127,127,127,127,127,127,127,127,127,127,127,127,127,127,127,127,127,127,127,127,127,128,127,127,127,127,127,127,127,127,127,127,127,127,127,127,127,127,127,127,127,127,127,127,127,127,127,127,127,127,127,127,127,127,127,127,127,127,127,127,127,127,127,127,127,127,127,127,127,127,127,127,127,127,127,127,127,127,127,127,127,127,127,127,127,127,127,127,127,127,127,127,127,127,127,127,127,127,127,127,127,127,127,127,127,127,127,127,127,127,127,127,127,128,127,127,128,127,127,127,127,127,128,127,127,128,128,127,127,127,127,128,128,127,127,128,127,127,128,128,127,128,127,127,127,127,127,128,128,127,127,128,127,127,127,127,127,128,127,127,128,127,127,127,127,127,127
191,127,127,127,127,127,127,127,127,127,127,127,127,127,127,127,127,127,127,127,127,128,128,128,129,128,128,129,127,128,143,87,177,103,104,176,83,127,176,63,156,169,58,187,146,49,213,124,55,226,92,74,234,55,98,228,31,130,214,15,120,231,9,152,214,251,196,183,253,230,147,10,251,112,29,12,71,56,16,32,93,5,5,134,237,242,174,212,237,211,180,244,244,119,28,234,100,105,179,84,133,179,46,187,112,76,220,90,74,236,40,125,222,11,157,210,252,205,173,0,237,139,10,5,92,41,15,52,73,14,21,107,0,251,148,230,238,196,193,242,230,154,0,0,115,23,15,72,53,18,36,88,11,9,124,246,246,156,226,239,188,199,242,174,210,241,202,184,246,230,148,7,249,110,31,7,71,61,10,36,98,0,11,136,231,253,179,192,3,219,142,20,247,95,48,6,52,81,2,15,129,235,247,184,199,245,228,153,4,3,107,29,14,57,73,6,17,129,235,248,183,198,244,225,155,3,223,157,2,251,113,28,10,65,66,7,25,115,243,252,165,212,243,211,170,252,245,122,23,8,72,62,8,33,107,246,9,151,214,3,190,174,16,213,134,41,221,104,72,215,82,103,200,71,128,180,70,146,159,77,157,140,87,162,127,100,161,128,104,156,119,115,152,113,124,147,111,130,140,112,135,134,114,138,128,118,139,126,122,138,123,126,136,122,127,134,121,129,132,122,131,129,123,132,127,124,133,128,125,133,126,127,132,126,128,131,125,127,131,125,128,130,125,129,129,125,130,127,126,130,127,127,130,128,126,130,128,127,130,127,128,130,127,127,129,127,128,128,127,128,128,127,129,127,127,128,127,128,129,128,128,129,128,127,128,128,127,128,128,127,128,128,127,128,128,128,127,128,127,128,128,127,128,128,128,127,128,128,127,128,128,127,128,128,127,127,127,127,127,128,127,127,128,127,127,128,127,127,127,127,127,127,127,127,127,127,127,127,127,127,127,127,127,127,128,127,127,127,127,127,128,128,127,128,128,128,127,127,127,127,127,128,127,127,128,127,127,127,127,127,128,127,127,128,127,127,128,128,127,127,127,127,127,127,127,127,127,127,127,127,128,127,127,128,128,127,127,128,127,127,128,128,127,127,128,128,127,128,128,128,128,127,128,127,127,129,128,128,129,128,128,129,128,127,129,127,127,129,127,128,128,127,129,128,126,129,127,127,130,128,127,130,128,128,130,127,128,130,126,127,129,126,128,128,127,128,128,127,129,127,127,129,128,127,129,128,128,129,128,128,129,128,127,128,128,128,127,128,128,127,128,128,128,128,128,128,127,128,128,127,128,127,128,128,127,128,127,127,129,127,128,129,128,128,128,128,127,128,128,127,128,127,128,128,127,128,128,127,129,127,127,129,127,128,129,128,128,129,128,128,129,128,127,129,128,127,129,128,127,128,128,127,128,128,127,128,128,128,128,128,128,127,128,128,127,128,129,127,128,128,128,128,128,128,127,128,128,127,128,128,127,128,128,128,127,128,128,127,128,128,127,127,128,128,127,128,128,127,127,127,127,127,128,128,127,128,128,127,127,128,128,127,128,128,127,127,127,127,127,127,127,127,127,127,128,128,127,128,128,127,127,128,128,127,128,128,127,129,127,128,128,127,128,128,127,129,128,126,130,127,126,130,128,127,131,127,128,131,126,127,130,126,128,129,125,129,129,125,130,128,125,131,127,125,131,128,126,131,127,127,131,126,128,131,126,127,131,126,127,130,126,128,129,126,128,128,126,129,127,127,129,127,128,129,128,128,129,128,127,128,127,128,128,127,128,127,127,129,127,128,130,128,128,130,126,127,129,126,128,129,125,129,128,125,130,127,126,131,128,126,131,127,126,132,127,127,132,125,128,132,125,127,132,125,127,132,124,128,131,123,130,130,122,132,129,123,133,127,123,134,127,124,134,125,126,135,123,128,134,122,128,133,121,130,131,122,132,128,123,133,128,124,134,126,126,134,124,128,134,122,128,132,121,131,130,121,133,128,122,135,127,124,136,124,126,136,122,127,136,122,128,135,120,130,133,119,133,131,118,136,127,120,138,126,121,139,123,124,139,120,128,138,117,129,137,116,133,134,115,136,131,115,139,128,117,141,126,119,142,122,122,142,118,126,141,115,129,139,114,133,135,114,137,131,115,140,127,117,142,124,120,142,126,119,142,121,123,142,118,127,140,116,129,137,115,133,134,116,136,130,117,138,128,120,139,124,123,139,121,127,138,119,129,135,118,132,132,119,134,129,120,135,127,123,136,125,125,135,123,128,133,122,129,132,122,131,129,123,132,127,125,133,127,126,132,126,127,132,126,127,131,125,128,129,125,129,128,126,130,127,127,130,127,128,130,127,127,129,127,128,128,127,129,127,127,129,128,128,129,128,128,129,128,127,128,128,128,127,128,128,127,128,128,127,127,127,127,127,127,127,127,127,127,127,127,127,127,127,127,127,128,128,127,128,128,127,127,128,128,127,128,128,127,128,128,127,128,128,128,127,128,128,127,128,128,127,128,128,127,128,128,128,127,128,128,127,127,128,127,127,127,127,127,127,127,127,127,127,127,127,127,127,127,127,127,127,127,127,127,127,128,127,127,128,127,127,127,127,127,128,127,127,128,127,127,128,127,127,127,127,127,127,127,127,127,127,127,127,127,127,127,127,127,127,127,127,127,127,127,127,127,127,127,127,127,127,127,127,127,127,127,127,127,127,128,127,127,128,127,128,128,127,127,128,127,127,128,127,127,128,128,127,128,128,128,127,128,127,127,127,127,127,127,127,127,127,127,127,127,127,127,127,127,127,127,127,127,127,127,127,127,127,127,127,127,127,127,127,128,127,127,128,127,127,128,128,127,128,128,127,128,128,127,128,128,128,127,128,128,127,128,128,127,128,128,127,128,128,127,128,128,128,127,128,128,127,128,128,127,128,128,128,127,127,127,128,127,127,127,128,127,127,128,128,127,128,128,127,127,127,127,127,127,127,127,127,127,127,127,127,127,127,127,127,127,127,127,127,127,127,127,127,127,127,127,128,127,127,127,128,127,127,127,127,127,127,127,127,127,127,127,127,127,127,127,127,127,127,127,127,127,127,127,127,128,128,127,127,128,128,127,128,128,127,128,128,127,127,127,128,127,127,127,127,127,128,127,127,127,127,127,127,127,127,128,127,127,128,128,127,128,128,127,127,128,127,127,127,127,127,127,127,127,127,127,127,127,127,127,127,127,127,127,127,127,127,127,127,127,127,127,127,127,127,127,128,128,127,128,128,127,127,128,127,127,128,128,127,128,128,128,127,128,128,127,128,128,127,128,128,127,128,128,127,127,128,127,127,128,127,128,128,128,127,128,128,127,128,128,127,128,128,128,128,128,127,128,128,127,127,127,127,127,127,127,128,127,127,128,128,127,128,128,128,127,128,128,127,128,128,127,128,128,127,128,129,128,128,129,128,127,128,128,127,128,128,127,128,128,128,128,128,128,127,128,128,127,127,128,127,127,128,127,127,127,127,127,127,127,127,127,127,127,127,127,127,127,127,127,127,127,127,127,127,127,127,127,128,127,127,127,127,127,128,127,127,127,127,127,127,127,128,128,127,128,128,127,127,128,128,127,128,128,127,128,128,127,128,128,127,128,128,128,128,128,128,127,128,128,127,128,128,128,127,128,128,127,128,128,127,128,127,128,128,127,128,127,128,128,127,128,128,127,127,128,128,127,128,128,127,127,128,127,127,128,128,127,127,127,127,127,127,127,127,127,127,127,127,127,127,127,127,127,127,127,127,127,127,127,127,128,127,127,128,128,127,127,128,127,127,128,128,127,128,128,127,127,128,127,127,127,127,127,127,127,127,127,127,127,127,128,127,127,127,127,127,127,127,127,127,127,127,127,127,127,127,127,127,127,127,127,128,127,127,128,128,127,128,127,127,128,127,127,128,128,127,128,128,127,128,128,127,128,128,127,127,128,127,127,128,127,127,128,127,128,128,127,127,128,128,127,127,128,127,127,127,127,127,127,127,127,127,127,127,127,127,127,127,127,127,127,127,127,127,127,127,127,127,127,127,127,127,127,128,128,127,128,128,127,127,128,128,127,128,127,127,128,128,127,128,128,127,127,128,127,127,128,127,127,128,127,127,127,127,127,127,127,128,127,127,128,127,127,127,127,127,127,127,127,127,127,128,127,127,128,128,127,127,128,128,127,128,128,127,128,128,127,127,128,128,127,128,128,127,127,128,127,128,128,127,128,128,127,128,128,127,128,128,128,127,128,128,127,128,128,127,127,128,127,127,128,127,127,128,127,127,127,127,127,127,127,127,127,127,127,127,127,127,127,128,127,127,127,127,127,127,127,127,127,127,127,128,127,127,128,127,127,128,127,127,128,128,127,128,128,127,127,128,127,127,127,128,127,127,128,127,127,127,127,127,128,128,127,128,127,127,127,127,127,127,127,127,127,127,127,127,128,127,127,127,127,128,128,127,128,128,127,128,128,127,127,128,128,127,128,128,127,128,128,127,127,127,127,128,127,127,128,128,127,127,128,127,127,128,127,127,127,127,127,128,128,127,128,127,127,128,128,127,128,128,127,127,127,127,127,128,127,127
191,127,127,127,127,127,127,127,127,127,127,127,127,127,127,127,127,127,128,128,127,129,128,127,128,127,130,137,92,180,96,112,173,79,133,173,61,161,166,57,189,145,46,217,123,53,230,88,71,240,53,95,235,28,125,225,11,155,212,7,148,222,246,192,190,245,222,161,1,246,126,19,12,81,47,18,44,79,12,12,115,253,246,154,227,236,200,233,237,192,182,0,213,139,80,165,103,141,154,83,179,83,120,196,49,145,189,29,203,152,23,232,114,39,253,55,83,2,26,116,242,252,174,205,245,216,163,3,252,104,34,13,57,71,9,15,122,244,247,166,214,243,212,169,0,246,117,26,11,66,63,13,28,103,3,6,135,236,246,173,209,244,209,165,6,238,116,35,0,68,74,0,29,121,235,9,168,195,8,213,142,25,246,85,60,3,38,108,241,5,167,206,249,220,153,9,253,94,44,8,42,99,246,7,161,210,248,212,164,4,246,112,34,4,56,87,248,15,146,219,250,200,175,2,240,119,29,5,61,77,0,20,132,228,0,185,182,6,224,129,33,240,86,74,232,57,117,207,47,150,175,53,171,144,70,180,121,92,177,104,113,168,96,129,154,97,141,140,102,147,129,110,148,122,119,145,117,126,141,116,130,135,117,134,130,119,135,128,122,135,126,126,134,124,128,133,123,128,131,124,130,129,125,130,127,125,131,128,127,131,127,128,130,127,128,130,126,127,129,126,128,129,126,128,128,126,129,128,127,129,127,127,129,127,127,129,128,127,130,128,128,130,127,128,130,127,127,129,127,128,129,127,128,128,127,128,128,127,128,127,128,128,127,128,128,127,127,128,128,127,128,128,127,127,128,127,127,127,127,127,127,127,127,127,127,127,127,127,127,127,127,127,127,127,127,127,127,127,127,127,127,127,127,127,127,127,127,127,127,127,127,127,127,127,127,127,127,127,127,127,128,127,127,127,127,127,127,127,127,127,128,127,127,127,127,127,127,127,127,127,127,127,127,127,127,127,127,127,127,127,127,127,127,127,127,127,127,127,127,127,127,127,127,127,127,127,127,127,127,127,127,127,127,127,127,127,127,127,127,127,127,127,127,127,127,127,127,127,127,127,127,127,127,127,127,127,127,127,127,127,127,127,127,127,127,127,127,127,127,127,127,127,127,127,127,127,127,127,127,127,127,127,127,127,127,127,127,127,127,127,127,127,127,127,128,127,127,128,127,127,128,128,127,128,128,127,127,128,127,127,128,127,127,128,128,127,128,127,127,128,128,128,127,128,128,127,127,128,127,127,128,127,127,127,127,127,127,127,128,128,127,127,128,128,127,128,128,127,128,129,127,128,129,128,128,130,127,128,130,127,127,130,126,128,129,126,129,128,125,130,128,125,131,127,126,131,128,126,131,127,128,131,125,127,131,125,128,130,124,129,129,124,130,128,125,131,127,126,131,128,127,131,127,128,130,126,127,130,126,128,129,126,128,128,126,129,128,127,129,127,127,129,128,128,129,128,127,128,128,127,128,128,127,128,128,128,127,128,128,127,128,128,127,128,128,127,127,128,127,127,127,127,127,127,127,127,127,127,127,128,127,127,127,127,127,127,127,127,127,127,127,127,127,127,127,127,127,127,127,127,127,127,127,127,127,127,127,127,127,127,127,127,127,127,127,127,127,127,127,127,127,127,127,127,127,127,127,127,127,127,127,127,127,127,127,127,127,127,127,127,127,127,127,127,127,127,127,127,127,127,127,127,127,127,127,127,127,127,127,127,127,127,128,128,127,128,128,127,128,129,128,128,130,127,128,130,127,128,130,126,127,131,125,127,131,124,128,131,123,130,131,121,132,130,120,134,128,120,136,128,121,139,124,123,140,120,126,140,117,128,139,115,132,136,113,136,133,113,140,129,115,142,126,117,144,122,120,144,118,124,143,116,127,141,114,131,138,113,135,134,113,138,130,114,140,128,117,142,124,120,142,120,125,141,117,127,139,115,132,135,116,135,130,118,136,128,121,136,125,125,135,124,128,132,124,129,129,125,130,128,127,130,127,128,128,126,130,128,127,131,126,127,131,124,129,130,123,131,128,123,133,128,124,134,126,126,134,123,127,134,122,129,132,121,132,130,121,134,127,122,135,126,124,136,124,127,135,122,128,134,120,130,132,120,133,129,121,135,128,122,136,126,124,136,123,127,135,121,128,133,121,130,131,121,133,129,121,134,128,123,135,126,125,135,124,127,134,123,127,133,122,129,131,122,131,129,123,132,127,124,133,127,125,133,126,127,132,125,127,131,125,128,130,125,129,129,125,130,127,126,130,128,127,130,128,128,130,127,127,129,127,128,128,127,128,127,128,128,127,128,128,128,127,128,128,127,127,128,128,127,127,128,127,127,128,128,127,128,128,128,127,127,128,127,127,128,128,127,127,128,128,127,128,128,127,127,128,128,127,128,128,127,128,128,127,127,128,128,127,128,128,127,127,128,128,127,128,128,127,128,128,128,127,128,128,127,128,128,127,127,128,127,127,128,127,127,128,128,127,127,128,127,127,127,127,127,128,128,127,127,128,127,127,127,127,127,127,127,127,127,127,127,127,128,127,127,128,127,127,128,128,127,128,128,127,127,128,127,127,128,128,127,128,128,127,128,128,127,128,128,127,128,128,128,127,128,128,127,128,128,127,128,128,127,128,128,128,127,128,128,127,128,128,127,128,128,127,128,128,128,128,128,128,127,128,128,127,128,128,127,128,128,127,128,128,128,127,128,128,127,128,128,127,128,127,127,127,128,127,127,128,127,127,128,128,127,127,128,127,127,127,127,127,127,127,127,127,127,127,127,127,127,127,127,127,127,127,127,127,127,127,127,127,127,127,127,127,127,127,127,127,128,127,127,128,127,127,127,127,127,127,127,127,127,128,127,127,128,127,127,127,127,127,127,128,127,127,127,127,127,127,127,127,127,127,127,127,127,127,127,127,127,127,127,127,127,127,127,127,127,127,127,127,127,127,127,127,127,127,127,127,127,127,127,127,128,128,127,127,128,127,127,128,128,127,128,128,128,127,128,128,127,128,128,127,128,128,128,127,128,128,127,128,128,128,128,128,128,127,128,128,127,128,128,128,127,128,128,127,127,128,127,127,127,127,127,127,127,127,127,127,127,127,127,127,127,127,127,128,127,127,128,128,127,128,128,128,127,128,128,127,128,129,128,128,129,128,128,129,127,127,129,127,128,129,126,128,128,127,129,127,127,129,127,127,129,128,128,129,128,128,129,127,127,129,127,128,128,127,128,128,127,128,127,128,128,127,127,128,128,127,128,127,127,127,127,127,127,127,127,127,127,127,127,127,127,127,127,127,127,127,127,127,127,127,127,127,127,127,127,128,128,127,128,127,127,127,127,127,127,127,127,127,127,127,128,128,127,128,127,127,128,128,127,128,128,127,127,128,128,127,128,128,127,128,128,128,127,128,128,127,128,129,128,128,128,128,127,128,128,128,128,128,128,127,128,128,127,128,129,128,128,128,128,127,128,128,128,128,128,128,127,128,128,127,128,128,128,127,129,128,127,128,127,128,128,127,128,128,127,129,127,127,129,128,128,129,127,127,129,127,128,128,127,128,128,127,129,127,127,129,128,128,129,128,128,129,127,127,128,127,128,128,127,129,127,128,129,128,128,129,128,127,128,128,127,128,128,128,128,128,128,127,128,128,127,128,128,128,127,128,128,127,128,128,127,127,128,128,127,128,128,127,127,128,127,127,127,127,127,127,127,127,127,127,127,127,127,127,127,127,127,127,127,127,127,127,127,127,127,127,127,127,127,127,127,127,127,127,127,127,127,127,127,128,127,127,128,127,127,127,127,127,128,128,127,128,127,127,128,127,127,128,128,127,127,128,127,127,128,128,127,128,128,127,128,128,127,128,128,127,128,128,127,127,128,128,127,128,128,127,128,128,128,127,128,128,127,128,128,127,128,128,127,127,128,127,127,128,127,127,127,127,127,127,128,127,127,128,127,127,127,127,127,127,127,127,127,127,127,127,127,127,127,127,127,127,127,127,127,127,127,127,127,127,127,127,127,127,127,127,127,127,127,127,127,127,127,127,127,127,127,127,127,127,127,127,127,127,127,127,127,127,128,127,127,127,127,127,127,128,127,128,128,128,127,127,128,127,127,128,127,127,128,127,127,128,128,127,128,128,127,127,128,127,127,128,128,127,127,128,127,127,127,127,127,128,127,127,127,127,127,127,127,127,127,128,128,127,127,127,127,127,127,127,127,128,127,127,127,128,127,127,128,128,127,128,128,127,127,128,127,127,128,127,127,127,127,127,127,127,127,127,127,127,127,127,127,127,127,128,127,127,127,127,127,127,127,127,127,127,127,127,127,127,127,127,127,127,127,127,127,127,127,127,127,127,127,127,127,127,127,127,127,127,127,127,127,127,127,127,127,127,127,127,127,127,127,127,127,127,127,127,127,127,127,127,127,127,127,127,127,127,127,127,127,127,127,127,127,127,127,127,127,127,127,127,127,127,127,127,127,127,127,127,127,127,127,127,127,127,127,127,127,127,127,127,127,127,127,127,127,127,127,127,127,127,127,127,127,127,127,127,127,127,127,127,127,127,127,127,127,127,127,128,127,127,127
191,127,127,127,127,127,127,127,127,127,127,127,127,127,127,127,127,127,127,128,127,128,127,128,128,127,127,141,102,126,172,67,174,130,83,187,109,86,202,106,79,213,78,91,217,48,118,221,19,150,209,3,193,182,0,228,148,8,251,114,27,12,72,55,17,34,91,7,7,127,243,243,164,219,237,205,185,242,241,142,5,9,102,30,19,62,60,19,26,97,6,1,149,200,57,170,112,94,200,61,148,171,45,200,142,34,232,93,62,248,52,89,249,16,139,225,249,189,192,248,230,145,10,4,95,39,15,45,131,237,244,185,200,243,230,150,6,5,96,38,16,46,79,9,11,125,243,246,170,212,242,213,170,252,246,122,22,11,73,56,15,32,96,3,2,141,232,241,192,195,243,231,149,6,3,101,34,15,57,70,13,20,112,250,251,158,220,243,196,186,249,228,147,9,253,101,38,12,54,77,8,20,122,240,2,168,200,2,213,148,18,244,97,49,3,52,88,252,18,135,226,5,229,127,26,2,75,62,8,32,106,247,3,163,211,248,216,159,7,251,102,37,12,51,83,2,11,143,226,246,198,184,248,238,133,15,8,80,53,10,32,108,245,1,166,209,245,216,164,2,249,112,30,8,58,76,2,17,132,232,248,187,194,247,230,144,11,4,88,47,11,38,98,251,5,153,218,247,205,170,3,242,117,30,5,66,73,236,5,170,198,3,211,151,20,234,107,53,237,71,94,223,50,130,197,44,161,166,52,180,136,70,188,113,91,185,96,114,175,87,132,160,86,146,144,92,155,128,102,158,119,113,155,111,124,149,108,132,141,108,138,133,112,142,128,117,142,122,123,141,119,128,137,118,131,133,119,133,129,121,135,128,124,135,125,127,133,124,129,130,124,131,128,125,131,128,126,131,127,128,130,126,127,129,126,128,128,127,129,127,127,129,128,128,129,128,127,128,128,128,128,128,128,127,127,128,128,127,128,128,127,127,127,127,127,127,128,127,127,128,127,127,128,128,127,128,128,128,127,128,128,127,128,128,127,128,128,127,127,128,127,127,128,128,127,127,128,127,127,128,128,127,128,128,127,127,128,127,127,127,127,127,127,127,127,128,127,127,127,127,127,127,127,127,127,127,127,127,127,127,128,127,127,128,127,127,128,128,127,128,128,127,128,128,127,128,128,127,128,128,128,128,127,128,128,127,128,127,127,128,127,128,129,127,128,129,128,127,129,127,127,129,127,128,128,127,128,128,127,128,128,127,129,127,127,129,127,128,129,128,128,129,128,128,129,128,127,128,128,127,128,128,128,128,128,128,127,128,128,127,128,128,127,128,128,127,127,127,127,127,127,127,127,127,127,127,127,127,127,127,127,127,127,128,127,127,128,128,127,127,128,128,127,128,128,127,128,128,127,128,128,127,128,128,128,127,128,128,127,128,128,127,128,128,127,128,128,127,128,128,127,128,128,128,127,128,128,127,127,128,127,127,128,127,127,127,127,127,127,127,127,127,127,127,127,127,127,127,127,127,127,127,127,127,127,127,127,127,127,127,127,127,127,127,127,127,127,127,127,127,127,127,127,127,127,127,127,127,127,127,127,127,127,127,127,127,127,127,127,127,127,127,127,127,127,127,127,127,127,127,127,127,127,127,127,127,127,127,127,127,127,127,127,127,127,127,127,127,127,127,127,127,127,127,127,127,127,127,127,127,127,127,127,127,127,127,128,127,127,127,127,127,128,127,127,128,128,127,129,128,127,129,126,128,129,126,129,128,125,131,127,125,132,127,125,134,125,126,134,123,128,134,121,129,133,120,131,132,119,134,129,120,136,128,121,137,126,122,138,124,124,137,122,127,137,121,127,135,120,129,134,120,130,132,121,131,131,121,132,127,123,134,128,124,134,127,125,133,126,127,132,126,128,131,126,128,130,127,128,130,127,128,130,128,127,130,128,126,131,128,126,132,127,126,133,125,127,134,123,127,133,122,130,132,121,132,129,121,134,128,123,135,125,126,135,123,127,133,121,130,130,121,133,127,123,135,125,126,135,123,127,133,121,131,131,120,133,128,121,136,127,123,136,121,127,135,120,130,133,119,132,131,120,134,128,121,135,127,123,135,126,125,135,124,127,134,124,127,132,124,129,130,125,129,128,126,129,127,128,128,128,128,127,128,129,127,127,130,125,129,129,124,131,128,123,134,128,123,136,125,124,137,122,126,138,119,127,137,117,130,135,116,134,133,115,137,130,116,139,128,118,141,124,121,141,120,125,140,117,128,134,115,136,130,117,138,128,120,139,124,123,139,121,127,137,120,128,135,119,132,132,120,134,129,121,135,128,123,135,125,125,135,123,128,134,122,129,132,122,131,130,123,132,127,124,133,127,125,133,126,127,132,125,127,131,124,128,130,124,129,129,125,130,128,125,131,127,126,131,128,127,131,127,128,130,126,127,130,126,128,129,126,128,129,126,130,127,126,130,128,127,130,127,128,130,126,127,130,126,128,129,126,129,128,126,129,128,126,130,127,127,130,128,127,130,127,128,130,126,127,130,126,128,129,126,129,128,126,129,127,127,130,127,127,130,128,128,130,127,128,129,127,127,129,127,128,128,127,128,128,127,129,127,127,129,127,128,129,128,127,129,128,127,128,128,128,127,128,128,127,128,128,128,127,128,128,127,128,128,127,127,128,128,127,128,128,127,128,128,127,127,128,127,127,128,128,127,127,128,128,127,128,128,127,127,128,127,127,128,127,127,128,128,127,127,128,127,127,127,127,127,127,127,127,127,127,127,127,127,127,127,127,127,127,127,127,127,127,127,127,127,127,127,128,127,127,128,128,127,128,128,127,127,128,128,127,128,128,127,128,128,128,127,128,128,127,128,128,127,128,128,127,128,128,127,127,128,127,127,128,128,127,128,128,127,128,128,127,128,128,127,128,128,127,128,128,127,127,128,128,127,128,128,127,128,128,127,127,128,127,127,128,127,127,127,127,127,127,127,127,127,128,128,127,127,128,128,127,128,128,127,127,128,128,127,128,128,128,127,128,128,127,128,127,128,128,127,128,128,127,129,127,127,129,127,127,130,128,127,130,127,128,130,127,128,130,126,127,129,126,128,129,126,129,128,126,130,127,126,130,127,127,130,128,127,130,127,128,130,126,127,130,126,127,129,126,128,129,126,129,128,126,130,127,127,130,127,128,130,127,127,130,127,127,129,126,128,129,126,128,129,126,129,128,125,130,127,126,131,128,126,131,127,127,132,126,128,132,125,127,131,124,129,130,124,130,129,124,132,127,125,132,127,126,133,126,127,133,124,127,132,123,129,131,123,130,129,123,132,128,124,133,128,125,133,126,126,134,124,128,133,123,128,132,122,130,130,122,131,129,123,133,127,125,133,125,127,133,124,127,132,124,129,130,124,130,129,124,131,127,125,131,128,126,131,127,127,131,126,127,130,126,127,129,126,128,128,126,129,127,127,129,128,128,129,128,127,128,128,127,128,128,128,127,128,128,128,127,128,127,128,128,127,128,127,127,129,127,127,129,128,128,130,127,128,129,127,127,129,126,128,129,126,128,128,126,130,127,127,130,128,127,130,127,127,131,127,128,130,126,127,130,125,128,129,125,129,128,126,130,127,127,130,128,127,130,127,127,130,126,128,129,126,129,128,127,129,127,127,129,128,128,129,128,127,129,127,128,128,127,128,128,127,129,127,128,129,128,128,129,128,127,128,127,128,128,127,129,127,128,129,128,128,129,128,127,129,127,128,128,127,128,127,128,129,128,128,129,128,127,129,127,127,128,127,128,128,128,128,127,128,128,127,128,128,128,127,128,128,127,127,128,127,127,128,127,127,127,127,127,127,127,127,127,127,127,127,127,127,127,127,127,127,127,127,127,127,127,127,127,127,127,127,127,127,127,128,127,127,127,127,127,127,127,127,127,128,128,127,128,128,127,127,128,127,127,128,128,127,128,128,127,127,128,127,127,128,127,127,127,127,127,127,127,127,127,127,127,127,127,127,127,127,127,127,127,127,127,127,127,127,128,127,127,128,128,127,128,128,127,127,128,127,127,128,128,127,128,128,127,128,128,127,128,128,128,127,128,128,127,128,128,127,128,128,127,127,128,128,127,128,128,127,127,128,128,127,128,128,127,128,128,127,127,128,127,127,128,128,127,128,128,127,128,128,127,128,128,127,127,128,128,127,128,128,127,128,128,127,128,128,127,128,128,127,127,128,127,127,128,127,127,128,128,127,128,128,127,127,128,127,127,127,127,127,127,128,127,127,128,127,127,128,128,127,128,128,127,127,128,127,127,128,128,127,127,128,127,127,128,127,127,128,127,127,127,127,127,127,127,127,127,127,128,127,127,128,128,127,128,128,128,127,128,128,127,128,128,127,128,128,127,128,128,127,127,128,128,127,128,128,127,127,128,127,127,128,128,127,128,128,127,127,128,128,127,128,128,127,128,128,127,128,128,128,127,128,128,127,128,128,127,128,128,128,127,128,128,127,128,128,127,128,128,128,127,128,128,127,128,128,127,127,128,127,127,128,128,127,128,128,127,128,128,127,128,128,128,127,128,128,127,128,128,127,128,128,127,127,128,127,127,128,128,127,128,127,127,128,128,127,127,127,127,127,127,127,127
